Obstaculos: 
65
1
155
550
2
180
550
3
205
550
4
230
550
5
255
550
6
155
575
7
155
600
8
155
625
9
155
650
10
155
650
11
48
200
12
73
200
13
98
200
14
123
200
15
148
200
16
240
200
17
265
200
18
290
200
19
315
200
20
340
200
21
237
700
22
262
700
23
287
700
24
312
700
25
337
700
26
362
700
27
387
700
28
412
700
29
437
700
30
462
700
31
487
700
32
80
55
33
105
55
34
130
55
35
155
55
36
180
55
37
255
55
38
280
55
38
305
55
39
330
55
40
355
55
41
380
55
42
405
55
43
430
55
44
455
55
45
480
55
46
512
700
47
537
700
48
562
700
49
587
700
50
612
700
51
637
700
52
662
700
53
687
700
54
712
700
55
737
700
56
762
700
57
787
700
58
812
700
59
837
700
60
862
700
61
887
700
62
912
700
63
937
700
64
962
700
65
987




